// this data is taken from Mean Nominal Long term Schatten predicts

// data is given as F10.7 flux and Ap

JR File

F10.7 Ap

      OCT 29 2020    088    008

      OCT 30 2020    088    005

      OCT 31 2020    088    005

      NOV 01 2020    082    012

      NOV 02 2020    078    008

      NOV 03 2020    075    005

      NOV 04 2020    072    005

      NOV 05 2020    074    005

      NOV 06 2020    074    005

      NOV 07 2020    074    010

      NOV 08 2020    075    005

      NOV 09 2020    075    005

      NOV 10 2020    075    005

      NOV 11 2020    075    005

      NOV 12 2020    075    005

      NOV 13 2020    072    005

      NOV 14 2020    070    005

      NOV 15 2020    070    005

      NOV 16 2020    070    005

      NOV 17 2020    070    010

      NOV 18 2020    070    008

      NOV 19 2020    070    012

      NOV 20 2020    070    018

      NOV 21 2020    070    015

      NOV 22 2020    074    020

      NOV 23 2020    072    015

      NOV 24 2020    070    010

      NOV 25 2020    070    008

      NOV 26 2020    070    005

      NOV 27 2020    072    005

      NOV 28 2020    074    008

      NOV 29 2020    074    005

      NOV 30 2020    074    005

      DEC 01 2020    074    005

      DEC 02 2020    074    005

      DEC 03 2020    074    005

      DEC 04 2020    074    005

      DEC 05 2020    075    005

      DEC 06 2020    075    005

      DEC 07 2020    075    005

      DEC 08 2020    075    005

      DEC 09 2020    075    005

      DEC 10 2020    072    005

      DEC 11 2020    070    005

      DEC 12 2020    070    005

